T_ID,T_NAME,T_X,T_Y,T_TYPE,T_VALUE,T_REGION,T_OWNER,T_ARMIES_1,T_ARMIES_2,T_ARMIES_3,T_NEIGHBOUR1,T_NEIGHBOUR2,...
1,Firona,FIR,100,0,0,10,1,0,3,0,0,2,4
2,Yountville,YOU,200,0,1,15,1,1,25,0,0,1,3,4,5
3,Stockton,STO,300,0,0,10,1,0,3,0,0,2,5,6
4,Dorneyville,DOR,150,100,0,10,1,0,3,0,0,1,2,5,7
5,Latty,LAT,250,100,0,10,1,0,3,0,0,2,3,4,6,10
6,Brooktrails,BRK,350,100,0,10,2,0,3,0,0,3,5,13
7,Varnell,VAR,100,200,0,10,3,0,3,0,0,4,8,9
8,Peterman,PET,0,250,0,10,3,0,3,0,0,7,9
9,Haynes,HAY,100,300,0,10,3,0,3,0,0,7,8,24
10,Marland,MAR,250,200,0,10,4,0,3,0,0,5,11
11,Monango,MON,250,300,0,10,4,3,5,0,0,10,12,21
12,West Tawakoni,WTK,350,300,0,10,4,2,5,0,0,11,13,15,21
13,Wrenshall,WRE,400,200,0,10,2,2,0,0,0,6,12,14,15
14,Massena,MAS,500,200,0,10,2,2,0,0,0,13,15,16
15,East Takakoni,ETK,450,300,1,15,2,2,15,0,0,12,13,14,16
16,Stanley,STA,550,300,0,10,2,2,0,0,0,14,15,17
17,Willis,WIL,550,400,0,10,6,2,5,0,0,16,18,19
18,Efland,EFL,500,500,0,10,6,3,5,0,0,17,19,20
19,Tallulah,TAL,600,500,0,10,6,2,5,0,0,17,18
20,Ehrenberg,EHR,400,450,0,10,6,3,0,0,0,18,21
21,Crowley,CRO,300,400,0,10,5,3,5,0,0,11,12,20,22
22,Rockholds,ROC,250,500,0,10,5,3,0,0,0,21,23
23,Wellsburg,WEL,150,500,1,15,5,3,15,0,0,22,24
24,Aspermont,ASP,150,400,0,10,5,3,0,0,0,9,23