T_ID,T_NAME,T_X,T_Y,T_TYPE,T_VALUE,T_REGION,T_OWNER,T_ARMIES_1,T_ARMIES_2,T_ARMIES_3,T_NEIGHBOUR1,T_NEIGHBOUR2,...
1,Kirrlach,KIR,100,0,0,10,1,2,0,0,0,2
2,Klausmen,KLA,100,100,0,10,1,2,0,0,3,7
3,Grietzen,GRI,200,100,1,15,1,2,15,0,0,2,4,6,7
4,Kienberge,KIE,250,0,0,10,1,2,0,0,0,3,5,6
5,Drehna,DRE,350,0,0,10,1,2,0,0,0,4,6
6,Wedel,WED,300,100,0,10,1,2,0,0,0,3,4,5,12
7,Diepertshofen,DIE,150,200,0,10,2,2,0,0,0,2,3,8,9
8,Priemern,PRI,100,300,0,10,2,2,0,0,0,7,9,11
9,Langeforth,LAN,200,300,0,10,2,2,0,0,0,7,8,22
10,Hammelbach,HAM,0,400,0,10,2,0,3,0,0,11,27
11,Hengsen,HEN,100,400,0,10,2,0,3,0,0,8,10,23
12,Brandmorr,BRA,300,200,0,10,3,2,0,0,0,6,13
13,Biebrich,BIE,400,200,0,10,3,2,10,0,0,12,14,18,19
14,Annahof,ANN,500,150,0,10,4,2,0,0,0,13,15,18
15,Fellerich,FEL,600,150,0,10,4,0,3,0,0,14,16,17
16,Ofenwinkel,OFN,600,50,0,10,4,0,3,0,0,15,17
17,Bahrenhof,BAH,700,100,0,10,4,0,3,0,0,15,16
18,Blunau,BLU,500,250,0,10,4,0,3,0,0,13,14,19,20
19,Thumby,THU,400,300,0,10,3,3,10,0,0,13,18,22,31
20,Bockhornerfeld,BOC,600,300,0,10,4,0,3,0,0,18,21
21,Frorath,FRO,700,300,0,10,4,0,3,0,0,20
22,Kahlert,KAH,300,350,0,10,3,0,3,0,0,9,19,24,31
23,Schierlage,SCH,200,450,0,10,6,0,3,0,0,11,24,25
24,Steinkoppel,STE,300,450,0,10,6,3,0,0,0,22,23,31
25,Baumrode,BAU,200,550,0,10,6,0,3,0,0,23,26,29
26,Mundraching,MUN,200,650,0,10,6,0,3,0,0,25,29,39
27,Freundschaft,FRE,0,500,0,10,5,0,3,0,0,10,28
28,Weltzin,WEL,0,600,0,10,5,0,3,0,0,27,29,30
29,Mannenberg,MAN,100,600,0,10,5,0,3,0,0,25,26,28,30
30,Talbach,TAL,50,700,1,15,5,1,20,0,0,28,29
31,Recksberg,REC,400,400,0,10,3,3,0,0,0,19,22,24,32
32,Heilberscheid,HEI,500,400,0,10,3,3,0,0,0,31,33,36
33,Osseck,OSS,600,450,0,10,8,3,0,0,0,32,34,35,36
34,Losshausen,LOS,700,500,0,10,8,3,0,0,0,33,35
35,Stublang,STU,600,550,1,15,8,3,15,0,0,33,34,36,41
36,Sehma,SEH,500,500,0,10,8,3,0,0,0,32,33,35,37
37,Sassanfahrt,SAS,400,550,0,10,7,3,0,0,0,36,38
38,Uelsen,UEL,400,650,0,10,7,0,3,0,0,37,39,40
39,Neucallenberg,NEU,300,700,0,10,7,0,3,0,0,26,38
40,Gransee,GRA,500,700,0,10,7,3,0,0,0,38,41
41,Hermannskirchen,HER,600,650,0,10,8,3,0,0,0,35,40,42
42,Geesow,GEE,700,650,0,10,8,3,0,0,0,41