T_ID,T_NAME,T_X,T_Y,T_TYPE,T_VALUE,T_REGION,T_OWNER,T_ARMIES_1,T_ARMIES_2,T_ARMIES_3,T_NEIGHBOUR1,T_NEIGHBOUR2,...
1,Moteo,MOT,300,0,0,10,1,1,0,0,0,2,5
2,Taupiri,TAU,400,0,1,15,1,1,15,0,0,1,3,5,6
3,Okiore,OKI,500,0,0,10,1,1,0,0,0,2,6,7
4,Rakahouka,RAK,750,50,0,10,2,2,0,0,0,8,9
5,Nikau,NIK,350,100,0,10,1,1,0,0,0,1,2,6,14
6,Wiri,WIR,450,100,0,10,1,1,0,0,0,2,3,5,7
7,Atapo,ATA,550,100,0,10,1,1,0,0,0,3,6,15
8,Owhango,OWH,850,100,0,10,2,2,0,0,0,4,9,10
9,Tutira,TUT,750,150,0,10,2,2,0,0,0,4,8,10,11,16
10,Petone,PET,850,200,0,10,2,2,0,0,0,8,9,11
11,Crofton,CRF,750,250,0,10,2,2,0,0,0,9,10,16,18
12,Athol,ATH,100,200,0,10,3,3,0,0,0,21
13,Mangamaunu,MAG,250,200,0,10,4,1,0,0,0,14,22,23
14,Waitai,WAI,350,200,0,10,4,1,0,0,0,5,13,23
15,Deborah,DEB,550,200,0,10,5,1,0,0,0,7,16,17
16,Annat,ANN,650,200,0,10,5,1,0,0,0,9,11,15,18
17,Otira,OTI,550,300,0,10,5,1,0,0,0,15,18,19
18,Piako,PIA,650,300,0,10,5,2,0,0,0,11,16,17,19,20
19,Moeawatea,MOE,600,400,0,10,5,2,0,0,0,17,18,20,35
20,Winchester,WIN,700,400,0,10,5,2,0,0,0,18,19,40
21,Ruru,RUR,100,300,0,10,3,3,0,0,0,12,22,24,25
22,Houhora,HOU,200,300,0,10,3,1,0,0,0,13,21,23,31
23,Tariki,TAR,300,300,0,10,4,1,0,0,0,13,14,22,31,32
24,Goldsboro,GOL,0,350,0,10,3,3,0,0,0,21,25
25,Nevesville,NEV,100,400,0,10,3,3,0,0,0,21,24,26
26,Meremere,MER,100,500,1,15,7,3,15,0,0,25,27,28,29
27,Ardmore,ARD,200,500,0,10,7,3,0,0,0,26,29,30,31
28,Opio,OPI,50,600,0,10,7,3,0,0,0,26,29
29,Kokakoriki,KOK,150,600,0,10,7,3,0,0,0,26,27,28,30
30,Warkworth,WAR,250,600,0,10,7,3,0,0,0,27,29
31,Fordell,FOR,250,400,0,10,4,1,0,0,0,22,23,27,32
32,Pahitoa,PAH,350,400,0,10,6,1,0,0,0,23,31,33
33,Sutherlands,SUT,350,500,0,10,6,3,0,0,0,32,34
34,Kennington,KEN,450,500,0,10,6,3,0,0,0,33,35,36
35,Cardrona,CAR,550,500,0,10,6,2,0,0,0,34,37
36,Bayswater,BAY,450,600,0,10,8,3,0,0,0,34,37,39
37,Nightcaps,NIG,550,600,0,10,8,3,0,0,0,35,36,42,45
38,Erina,ERI,350,700,0,10,8,3,0,0,0,39
39,Teviot,TEV,450,700,0,10,8,3,0,0,0,36,38
40,Pakawau,PAK,700,500,0,10,9,2,0,0,0,20,41,42,43
41,Duntroon,DUN,800,500,0,10,9,2,0,0,0,40,43,44
42,Gisborne,GIS,650,600,0,10,9,2,0,0,0,37,40,43,45
43,Puponga,PUP,750,600,1,15,9,2,15,0,0,40,41,42,44
44,Mast,MAS,850,600,0,10,9,2,0,0,0,41,43
45,Balclutha,BAL,600,700,0,10,8,2,0,0,0,37,42