T_ID,T_NAME,T_X,T_Y,T_TYPE,T_VALUE,T_REGION,T_OWNER,T_ARMIES_1,T_ARMIES_2,T_ARMIES_3,T_NEIGHBOUR1,T_NEIGHBOUR2,...
1,Laborcitas,LAB,200,0,0,10,1,2,0,0,0,2,3
2,Milagro,MIL,100,50,0,10,1,2,0,0,0,1,5,6
3,Arroyos,ARR,300,50,0,10,2,2,0,0,0,1,4,7
4,Pahuatlan,PAH,400,50,0,10,2,2,0,0,0,3,7
5,Lachicocana,LAC,50,150,0,10,1,2,0,0,0,2,6,8
6,Maripita,MAR,150,150,0,10,1,2,0,0,0,2,5,8
7,Metzquititlau,MET,350,150,0,10,2,2,0,0,0,3,4,12,13
8,Auras,AUR,100,250,0,10,3,1,0,0,0,5,6,9,10,11
9,Tula,TUL,0,300,1,15,3,1,0,0,0,8,10
10,Huehuetonoc,HUE,100,350,0,10,3,1,0,0,0,8,9,11,15
11,Guelavia,GUE,200,300,0,10,3,2,0,0,0,8,10,12,14,15
12,Granero,GRA,300,250,0,10,2,2,0,0,0,7,11,13,14
13,Quimiapan,QUI,400,250,0,10,4,2,0,0,0,7,12,20
14,Guasachic,GUA,300,350,0,10,4,2,0,0,0,11,12,15,22
15,Quenivas,QUE,200,400,0,10,6,2,0,0,0,10,11,14,17
16,Bachamuchi,BAC,100,500,0,10,6,2,0,0,0,17
17,Pinavete,PIN,200,500,0,10,6,2,0,0,0,15,16,18
18,Atachi,ATA,300,500,0,10,6,2,0,0,0,17,27,28
19,Humotitla,HUM,550,200,0,10,5,2,0,0,0,20,21
20,Ciudadela,CIU,500,300,0,10,5,2,0,0,0,13,19,21
21,Lagunillas,LAG,600,300,0,10,5,2,0,0,0,19,20,23
22,Elbano,ELB,400,400,0,10,4,2,0,0,0,14,24,27
23,Tecuexcomac,TEC,600,400,0,10,8,2,0,0,0,21,24,25
24,Huitzola,HUI,500,450,1,15,8,2,0,0,0,22,23,25,26,27
25,Chunhuhub,CHU,600,500,0,10,8,2,0,0,0,23,24,26
26,Vigilis,VIG,500,550,0,10,8,2,0,0,0,24,25,27
27,Encillas,ENC,400,500,0,10,7,2,0,0,0,18,22,24,26,28
28,Bolisha,BOL,350,600,0,10,7,2,0,0,0,18,27,29,30
29,Ixitlan,IXI,300,700,0,10,7,2,0,0,0,28,30
30,Tepozantitla,TEP,400,700,0,10,7,2,0,0,0,28,29