T_ID,T_NAME,T_X,T_Y,T_TYPE,T_VALUE,T_REGION,T_OWNER,T_ARMIES_1,T_ARMIES_2,T_ARMIES_3,T_NEIGHBOUR1,T_NEIGHBOUR2,...
1,Vil'-Shulay,V-S,200,50,1,15,1,2,15,0,0,2,3,4
2,Luusalmi,LUU,100,100,0,10,1,2,5,0,0,1,3,15
3,Vasyukova,VAS,200,150,0,10,1,2,5,0,0,1,2,4,15
4,Kutanova,KUT,300,100,0,10,1,2,5,0,0,1,3,9
5,Loposhilovo,LOP,500,0,0,10,2,3,5,0,0,6,7
6,Tomskaya,TOM,600,50,1,15,2,3,15,0,0,5,7,8
7,Kafyrkumyk',KAF,500,100,0,10,2,3,5,0,0,5,6,8,9
8,Betovo,BET,600,150,0,10,2,3,5,0,0,6,7,12
9,Zalomnoye,ZAL,400,150,0,10,4,0,3,0,0,4,7,10,11
10,Kotel'nikovo,K'N,350,250,0,10,4,0,3,0,0,9,11,19
11,Bobrino,BOB,450,250,0,10,4,0,3,0,0,9,10,13
12,Druzhba,DRU,600,250,0,10,5,0,3,0,0,8,14
13,Belogorka,BEL,500,350,0,10,5,0,3,0,0,11,14,31
14,Staropolevo,STA,600,350,0,10,5,0,3,0,0,12,13
15,Arany,ARA,100,200,0,10,3,0,3,0,0,2,3,16,17
16,Ryaykhyalya,RYA,0,250,0,10,3,0,3,0,0,15,17
17,Marino,MAR,100,300,0,10,3,0,3,0,0,15,16,18
18,Vorontsovo,VOR,200,300,0,10,3,0,3,0,0,17,19,20
19,Znamenskoye,ZNA,300,350,0,10,4,0,3,0,0,10,18,20
20,Novoakhmerova,NOV,200,400,0,10,3,0,3,0,0,18,19,21,25
21,Krokhova,KRO,100,450,0,10,6,4,5,0,0,20,22,25
22,Nosovshchina,NOS,100,550,1,15,6,4,15,0,0,21,23,24,25
23,Zheldakov,ZHE,0,600,0,10,6,4,5,0,0,22,24
24,Askarovo,ASK,100,650,0,10,6,4,5,0,0,22,23,28
25,Lakhta,LAK,200,500,0,10,7,0,3,0,0,20,21,22,26
26,Vysprishche,VYS,300,500,0,10,7,0,3,0,0,25,27,29
27,Anta-Kasy-Marovo,AKM,300,600,0,10,7,0,3,0,0,26,28,29
28,Bryansk,BRY,200,650,0,10,7,0,3,0,0,24,27
29,Dulovka,DUL,400,550,0,10,7,0,3,0,0,26,27,30
30,Peschanyy,PES,500,550,0,10,8,0,3,0,0,29,31,32,33,34
31,Matyunino,MAT,500,450,0,10,5,0,3,0,0,13,30,32
32,Lovyagin,LOV,600,500,0,10,8,0,3,0,0,30,31,33
33,Kalinina,KAL,600,600,0,10,8,0,3,0,0,30,32,34
34,Chimbya,CHI,500,650,1,15,8,1,25,0,0,30,33