T_ID,T_NAME,T_X,T_Y,T_TYPE,T_VALUE,T_REGION,T_OWNER,T_ARMIES_1,T_ARMIES_2,T_ARMIES_3,T_NEIGHBOUR1,T_NEIGHBOUR2,...
1,Oirase,OIR,50,0,0,10,1,1,0,0,0,2,3
2,Nehara,NEH,0,100,0,10,1,1,0,0,0,1,3
3,Nyuta,NYU,100,100,1,15,1,1,0,0,0,1,2,4,5,6
4,Izumita,IZU,200,50,0,10,1,1,0,0,0,3,5,7,10
5,Umakorobe,UMA,200,150,0,10,1,1,0,0,0,3,4,10,13
6,Ufudobaru,UFU,100,200,0,10,1,1,0,0,0,3,5,15
7,Sakuramachi,SAK,300,0,0,10,2,0,3,0,0,4,8,10
8,Kami-yamahana,K-Y,400,0,0,10,2,0,3,0,0,7,9
9,Nariu,NAR,500,0,1,15,2,4,50,0,0,8,11
10,Naka-Shinden,N-S,300,100,0,10,2,0,3,0,0,4,7,12,13
11,Sumiyosi,SUM,500,100,0,10,2,0,3,0,0,9,12,14
12,Shiretoko,SHI,400,150,0,10,3,0,3,0,0,10,11,13,14
13,Murota,MUR,300,200,0,10,3,0,3,0,0,5,10,12,17
14,Nishihara,NIS,500,200,0,10,3,0,3,0,0,11,12,28
15,Nagafukuro,NAG,100,300,0,10,4,0,3,0,0,6,16,19
16,Obira,OBI,200,300,0,10,4,0,3,0,0,15,17,20
17,Ajima,AJI,300,300,0,10,3,0,3,0,0,13,16,20,29
18,Otaka,OTA,0,400,0,10,4,0,3,0,0,19,21
19,Kuwan,KUW,100,400,0,10,4,0,3,0,0,15,18,21,22
20,Nakano,NAK,250,400,0,10,5,0,3,0,0,16,17,23
21,Kammachi,KAM,50,500,0,10,4,0,3,0,0,18,19,22,24
22,Ukedo,UKE,150,500,0,10,6,0,3,0,0,19,21,23,24
23,Domui,DOM,250,500,0,10,6,0,3,0,0,20,22,27
24,Teera,TEE,100,600,0,10,6,0,3,0,0,21,22,25
25,Shokotsu,SHO,150,700,1,15,6,2,50,0,0,24,26
26,Higa,HIG,250,700,0,10,6,0,3,0,0,25,27
27,Yoshinaga-naka,Y-N,300,600,0,10,6,0,3,0,0,23,26,33
28,Kotaniishi,KOT,500,300,0,10,3,0,3,0,0,14,29,30
29,Iwanai,IWA,400,350,0,10,3,0,3,0,0,17,28,30,32
30,Numa,NUM,500,400,0,10,7,0,3,0,0,28,29,31,32,34
31,Takamukai,TAK,600,400,0,10,7,0,3,0,0,30,34
32,Hirugawamachi,HIR,400,450,0,10,5,0,3,0,0,29,30,33
33,Afutoromanai,AFU,400,550,0,10,5,0,3,0,0,27,32,35
34,Sekerubu,SEK,550,500,0,10,7,0,3,0,0,30,31,35,36
35,Futamata,FUT,500,600,0,10,7,0,3,0,0,33,34,36
36,Sugigasaki,SUG,600,600,1,15,7,3,50,0,0,34,35