T_ID,T_NAME,T_X,T_Y,T_TYPE,T_VALUE,T_REGION,T_OWNER,T_ARMIES_1,T_ARMIES_2,T_ARMIES_3,T_NEIGHBOUR1,T_NEIGHBOUR2,...
1,Campalto,CAM,100,0,0,10,1,0,3,0,0,2,6,7
2,Lido,LID,200,0,1,15,1,4,10,0,0,1,3,7,8
3,Prascorsano,PRA,300,0,0,10,2,0,3,0,0,2,4,8,9
4,Rino,RIN,400,0,0,10,2,0,3,0,0,3,5,9,10
5,Vascon,VAS,500,0,0,10,2,0,3,0,0,4,10
6,Valmareno,VAL,50,100,0,10,3,0,3,0,0,1,7,11,12
7,Tavarone,TAV,150,100,0,10,1,0,3,0,0,1,2,6,8,12
8,Scauri,SCA,250,100,0,10,1,0,3,0,0,2,3,7,9
9,Baia,BAI,350,100,0,10,2,0,3,0,0,3,4,8,10
10,Teulada,TEU,450,100,0,10,2,0,3,0,0,4,5,9
11,Agnadello,AGN,0,200,0,10,3,0,3,0,0,6,12,13
12,Rovenaud,ROV,100,200,0,10,3,0,3,0,0,6,7,11,14
13,Cerchiara,CER,0,300,0,10,3,0,3,0,0,6,11,14,15
14,Vigostano,VIG,100,300,0,10,3,0,3,0,0,12,13,16
15,Alvito,ALV,0,400,0,10,4,0,3,0,0,13,16,17
16,Cosenza,COS,100,400,0,10,4,0,3,0,0,14,15,18
17,Chienes,CHI,0,500,1,15,4,3,10,0,0,15,18,19
18,Panaccioni,PAN,100,500,0,10,4,0,3,0,0,16,17,20
19,Waidbruch,WAI,0,600,0,10,4,0,3,0,0,17,20,21
20,Flumignano,FLU,100,600,0,10,4,0,3,0,0,18,19,22
21,Galluccio,GAL,0,700,0,10,5,0,3,0,0,19,22,23
22,Roncadelle,RON,100,700,0,10,5,0,3,0,0,20,21,23,24
23,Cociarone,COC,50,800,0,10,5,0,3,0,0,21,22,24,25
24,Dipignano,DIP,150,800,0,10,5,0,3,0,0,22,23,25,26,27
25,Caltignaga,CAL,100,900,0,10,5,0,3,0,0,23,24,26
26,Zaffignano,ZAF,200,900,0,10,6,0,3,0,0,24,27,25,28
27,Pracul,PRA,250,800,0,10,6,0,3,0,0,24,26,28,29
28,Diano,DIA,300,900,1,15,6,5,10,0,0,26,27,29,30
29,Posticciola,POS,350,800,0,10,6,0,3,0,0,27,28,30,31,32
30,Pianore,PIA,400,900,0,10,6,0,3,0,0,28,29,31
31,Cassazza,CAS,450,800,0,10,7,0,3,0,0,29,30,32,33
32,Mantua,MAN,400,700,0,10,7,0,3,0,0,29,31,33,34
33,Crasciana,CRA,500,700,0,10,7,0,3,0,0,31,32,35
34,Solars,SOL,400,600,0,10,7,0,3,0,0,32,35,36
35,Decimoputzu,DEC,500,600,1,15,7,2,10,0,0,33,34,37
36,Persiceto,PER,400,500,0,10,8,0,3,0,0,34,37,38,39
37,Zambra,ZAM,500,500,0,10,8,0,3,0,0,35,36,39
38,Trecate,TRE,350,400,0,10,9,0,3,0,0,36,39,40,41,42
39,Nuxis,NUX,450,400,0,10,8,0,3,0,0,36,37,38,41
40,Andrazza,AND,300,300,0,10,9,0,3,0,0,38,41,42
41,Bassura,BAS,400,300,0,10,8,0,3,0,0,38,39,40
42,Verrone,VER,250,400,0,10,9,0,3,0,0,38,40,43
43,Bianco,BIA,250,500,0,10,9,0,3,0,0,42,44
44,Parcines,PAR,250,600,1,15,9,1,0,0,0,43