T_ID,T_NAME,T_X,T_Y,T_TYPE,T_VALUE,T_REGION,T_OWNER,T_ARMIES_1,T_ARMIES_2,T_ARMIES_3,T_NEIGHBOUR1,T_NEIGHBOUR2,...
1,Cancario,CAN,100,0,0,10,1,0,3,0,0,2,3
2,Astelarra,AST,0,50,0,10,1,0,3,0,0,1,3
3,Daimil,DAI,100,100,1,15,1,4,50,0,0,1,2,4,5
4,Morellana,MOR,200,100,0,10,2,0,3,0,0,3,6,7
5,Andarraso,AND,100,200,0,10,1,0,3,0,0,3,13
6,Fuenterrobles,FUE,250,0,0,10,2,0,3,0,0,4,7
7,Tospe,TOS,300,100,0,10,2,0,3,0,0,4,6,34
8,Castromao,CAS,500,50,0,10,3,0,3,0,0,9,10
9,Vilamalla,VIL,600,0,0,10,3,0,3,0,0,8,10
10,Cruz,CRU,600,100,1,15,3,2,50,0,0,8,9,11,12
11,Guarros,GUA,700,100,0,10,3,0,3,0,0,10,12
12,Leaburu,LEA,650,200,0,10,3,0,3,0,0,10,11,29
13,Leiriella,LEI,50,300,0,10,5,0,3,0,0,5,14
14,Coratxar,COR,50,400,0,10,5,0,3,0,0,13,15,17
15,Broto,BRO,150,400,0,10,5,0,3,0,0,14,16,17
16,Sacaojos,SAC,200,300,0,10,5,0,3,0,0,15,36
17,Suils,SUI,100,500,0,10,7,0,3,0,0,14,15,18
18,Ondarra,OND,100,600,0,10,7,0,3,0,0,17,19,20
19,Camprodon,CAM,150,700,0,10,7,0,3,0,0,18,20
20,Matienzo,MAT,200,600,0,10,7,0,3,0,0,18,19,22
21,Milmarcos,MIL,300,500,0,10,8,0,3,0,0,22,39
22,Porquero,POR,300,600,0,10,8,0,3,0,0,20,21,23
23,Llivia,LLI,400,600,0,10,8,0,3,0,0,22,24
24,Boebre,BOE,400,700,0,10,8,0,3,0,0,23,25
25,Pinarejo,PIN,500,700,0,10,9,0,3,0,0,24,26,27
26,Sojuela,SOJ,600,700,1,15,9,3,50,0,0,25,27,28
27,Ongayo,ONG,550,600,0,10,9,0,3,0,0,25,26,28
28,Valseca,VAL,650,600,0,10,9,0,3,0,0,26,27
29,Minglanilla,MIN,600,300,0,10,6,0,3,0,0,12,30,31,38
30,Guinya,GUI,700,350,0,10,6,0,3,0,0,29,31,32
31,Llerandi,LLE,600,400,0,10,6,0,3,0,0,29,30,32,33
32,Monistrol,MON,700,450,0,10,6,0,3,0,0,30,31,33
33,Liebres,LIE,600,500,0,10,6,0,3,0,0,27,28,31,32
34,Niao,NIA,350,200,0,10,4,1,0,0,0,7,35,36,37
35,Galegos,GAL,450,200,0,10,4,1,0,0,0,34,37,38
36,Donramiro,DON,300,300,0,10,4,1,0,0,0,16,34,37,39
37,Cazurra,CAZ,400,300,1,15,4,1,0,0,0,34,35,36,38,39,40
38,Zuares,ZUA,500,300,0,10,4,1,0,0,0,29,35,37,40
39,Torre,TOR,350,400,0,10,4,1,0,0,0,21,36,37,40
40,Reliegos,REL,450,400,0,10,4,1,0,0,0,37,38,39