T_ID,T_NAME,T_X,T_Y,T_TYPE,T_VALUE,T_REGION,T_OWNER,T_ARMIES_1,T_ARMIES_2,T_ARMIES_3,T_NEIGHBOUR1,T_NEIGHBOUR2,...
1,Behramkale,BEH,350,0,0,10,1,3,0,0,0,4,5
2,Dimik,DIM,100,100,0,10,2,0,3,0,0,3,12
3,Arzanakh,ARZ,200,100,0,10,3,3,0,0,0,2,4,13
4,Hurraf,HUR,300,100,1,15,3,3,0,0,0,1,3,5,13,14
5,Mijin,MIJ,400,100,0,10,1,3,0,0,0,1,4,6,9
6,Esertepe,ESE,500,50,0,10,1,0,3,0,0,5,7,9
7,Karayusuf,KAR,600,0,0,10,1,0,3,0,0,6,8
8,Gokcekoru,GOK,700,50,1,15,1,1,5,0,0,7
9,Papazli,PAP,500,150,0,10,4,0,3,0,0,5,6,10
10,Balliardi,BAL,600,200,0,10,4,0,3,0,0,9,11,33
11,Hazara,HAZ,700,200,0,10,4,0,3,0,0,10,33
12,Cagut,CAG,50,200,0,10,2,0,3,0,0,2,15,16
13,Pineke,PIN,250,200,0,10,3,3,0,0,0,3,4,14,17,18
14,Zalof,ZAL,350,200,0,10,3,3,0,0,0,4,5,13,18,19
15,Agillar,AGI,0,300,0,10,2,0,3,0,0,12,16,20
16,Cankilli,CAN,100,300,0,10,2,0,3,0,0,12,15,17,22
17,Dagbag,DAG,200,300,0,10,5,0,3,0,0,13,16,18,22
18,Yedisalkim,YED,300,300,0,10,5,0,3,0,0,13,14,17,19,29
19,Vakif,VAK,400,300,0,10,5,0,3,0,0,14,18,29,30
20,Yunisler,YUN,0,400,0,10,6,4,0,0,0,15,21
21,Tavsancik,TAV,0,500,0,10,6,4,0,0,0,20,23
22,Kilris,KIL,150,400,0,10,6,4,0,0,0,16,17,23,24
23,Agackese,AGA,100,500,1,15,6,4,0,0,0,21,22,24,25
24,Beyba,BEY,200,500,0,10,6,4,0,0,0,22,23
25,Aciagac,ACI,100,600,0,10,8,4,0,0,0,23,26
26,Mugrushems,MUG,200,650,0,10,8,0,3,0,0,25,27
27,Manavgat,MAN,300,600,0,10,8,0,3,0,0,26,28
28,Turkmenkarahuyuk,TUR,400,550,0,10,8,0,3,0,0,27,34,35
29,Ikincikoy,IKI,350,400,0,10,5,0,3,0,0,18,19,30
30,Zermut,ZER,450,400,0,10,7,0,3,0,0,19,29,31,34
31,Gursoku,GUR,550,400,0,10,7,2,0,0,0,30,32,34
32,Zey,ZEY,650,400,0,10,7,0,3,0,0,31,33
33,Kusoturagi,KUS,650,300,0,10,7,0,3,0,0,10,11,32
34,Bozburun,BOZ,500,500,0,10,9,2,0,0,0,28,30,31,35
35,Buyukguney,BUY,500,600,1,15,9,2,0,0,0,28,34,36,37
36,Delikaya,DEL,600,600,0,10,9,2,0,0,0,35,37
37,Kucuktekke,KUC,550,700,0,10,9,2,0,0,0,35,36