T_ID,T_NAME,T_X,T_Y,T_TYPE,T_VALUE,T_REGION,T_OWNER,T_ARMIES_1,T_ARMIES_2,T_ARMIES_3,T_NEIGHBOUR1,T_NEIGHBOUR2,...
1,Pennington,PEN,300,0,1,15,1,3,10,0,0,2,3
2,Acequia,ACE,250,100,0,10,1,3,5,0,0,1,3,5,8
3,Tiburon,TIB,350,100,0,10,1,3,5,0,0,1,2,8
4,Coburn,COB,50,100,0,10,2,2,5,0,0,5,6,7
5,Oberlin,OBE,150,100,0,10,2,0,3,0,0,2,4,7
6,Hollidaysburg,HOL,0,200,1,15,2,2,10,0,0,4,7
7,Alloway,ALL,100,200,0,10,2,2,5,0,0,4,5,6,9
8,Belfonte,BEL,300,200,0,10,3,0,3,0,0,2,3,10,11
9,Tully,TUL,150,300,0,10,4,0,3,0,0,7,10,12,13
10,Olean,OLE,250,300,0,10,3,0,3,0,0,8,9,11,13,14
11,Cutler,CUT,350,300,0,10,3,0,3,0,0,8,10,14
12,Callery,CAL,100,400,0,10,4,0,3,0,0,9,13
13,Binger,BIN,200,400,0,10,4,0,3,0,0,9,10,12,14
14,Noxon,NOX,300,400,1,15,4,1,15,0,0,10,11,13