T_ID,T_NAME,T_X,T_Y,T_TYPE,T_VALUE,T_REGION,T_OWNER,T_ARMIES_1,T_ARMIES_2,T_ARMIES_3,T_NEIGHBOUR1,T_NEIGHBOUR2,...
1,Porthmadog,POR,450,0,0,10,1,3,0,0,0,2,3,4
2,Tenby,TEN,550,0,0,10,1,3,0,0,0,1,4,5
3,Knighton,KNI,350,50,0,10,2,0,3,0,0,1,7,8
4,Llangefni,LLA,500,100,1,15,1,3,5,0,0,1,2,5,18
5,Ardudwy,ARD,600,100,0,10,1,3,0,0,0,2,4,18
6,Aberdyfi,ABE,150,100,0,10,3,2,0,0,0,7,9,10
7,Penfro,PEN,250,100,0,10,3,0,3,0,0,3,6,8,10
8,Saundersfoot,SAU,350,150,0,10,2,0,3,0,0,3,7,13
9,Cemaes,CEM,100,200,1,15,4,2,5,0,0,6,10,11,12
10,Amlwch,AML,200,200,0,10,3,0,3,0,0,6,7,9,13
11,Rhayader,RHA,0,250,0,10,4,2,0,0,0,9,12
12,Bardsey,BAR,100,300,0,10,4,2,0,0,0,9,11,14
13,Pembrokeshire,PEM,300,250,0,10,2,0,3,0,0,8,10,15,16
14,Dolgellau,DOL,200,350,0,10,5,0,3,0,0,12,15
15,Nanhyfer,NAN,300,350,0,10,5,0,3,0,0,13,14,16,27
16,Prestatyn,PRE,400,300,0,10,2,0,3,0,0,13,15,17
17,Ruthin,RUT,500,300,0,10,6,0,3,0,0,16,18,19,20
18,Bangor,BAN,550,200,0,10,1,3,0,0,0,4,5,17,19
19,Trefdraeth,TRE,600,300,0,10,6,0,3,0,0,17,18,20
20,Talybont,TAL,550,400,0,10,6,0,3,0,0,17,19,29
21,Beddgelert,BED,0,500,0,10,7,4,0,0,0,22
22,Colwyn,COL,100,550,0,10,7,4,0,0,0,21,23,26
23,Beaumaris,BEA,200,600,1,15,7,4,5,0,0,22,24,25,26
24,Carmarthen,CAR,300,600,0,10,7,4,0,0,0,23,25
25,Bala,BAL,250,700,0,10,7,4,0,0,0,23,24
26,Corris,COR,200,500,0,10,5,0,3,0,0,22,23,27
27,Conwy,CON,300,450,0,10,5,0,3,0,0,15,26,28
28,Erwood,ERW,400,500,0,10,5,0,3,0,0,27,29
29,Harlech,HAR,500,500,0,10,6,0,3,0,0,20,28,30
30,Caerleon,CAE,550,600,0,10,8,0,3,0,0,29,31,32
31,Blaenavon,BLA,600,700,0,10,8,0,3,0,0,30,32
32,Crickhowell,CRI,650,600,0,10,8,0,3,0,0,30,31,33
33,Lampeter,LAM,700,500,1,15,8,1,50,0,0,32