T_ID,T_NAME,T_X,T_Y,T_TYPE,T_VALUE,T_REGION,T_OWNER,T_ARMIES_1,T_ARMIES_2,T_ARMIES_3,T_NEIGHBOUR1,T_NEIGHBOUR2,...
1,Lamedo,LAM,300,0,0,10,1,1,0,0,0,2,6,7
2,Malveria,MAL,400,0,0,10,1,1,0,0,0,1,3,7
3,Oliveiras,OLI,500,0,0,10,1,1,0,0,0,2,12
4,Curvaceira,CUR,50,50,0,10,2,1,0,0,0,5,8
5,Carrapatoso,CAR,150,50,0,10,2,1,0,0,0,4,6,8
6,Salemas,SAL,250,100,1,15,1,1,0,0,0,1,5,7,11
7,Urgeira,URG,350,100,0,10,1,1,0,0,0,1,6,11
8,Giraldo,GIR,100,150,0,10,2,1,0,0,0,4,5,9,10
9,Macaira,MAC,0,200,0,10,2,1,0,0,0,8,10
10,Bezeguimbra,BEZ,100,250,0,10,2,1,0,0,0,8,9,16,18
11,Rebordoza,REB,300,200,0,10,4,1,0,0,0,6,7,17
12,Caires,CAI,550,100,0,10,3,1,0,0,0,3,13,14
13,Bandeira,BAN,500,200,0,10,3,1,0,0,0,12,14,21
14,Candomil,CAN,600,200,0,10,3,1,0,0,0,12,13,15
15,Mareco,MAR,700,200,0,10,3,3,50,0,0,14,23
16,Moitelas,MOI,200,300,0,10,4,1,0,0,0,10,17,18
17,Peireses,PEI,300,300,0,10,4,1,0,0,0,11,16,25
18,Cilhade,CIL,100,350,0,10,5,1,0,0,0,10,16,19,20
19,Urzelina,URZ,0,400,0,10,5,2,50,0,0,18,20
20,Oledo,OLE,100,450,0,10,5,1,0,0,0,18,19,31
21,Fontela,FON,450,300,0,10,4,1,0,0,0,13,22,26
22,Ega,EGA,550,350,0,10,7,1,0,0,0,21,24,26
23,Alcobaca,ALC,700,300,0,10,3,1,0,0,0,15,24
24,Friume,FRI,650,400,0,10,7,1,0,0,0,22,23,27,28
25,Petigueiras,PET,350,400,0,10,6,1,0,0,0,17,26,32,33
26,Piedade,PIE,450,400,0,10,6,1,0,0,0,21,22,25,33
27,Mogofores,MOG,600,500,0,10,7,1,0,0,0,24,28,30
28,Barrocas,BAR,700,500,1,15,7,3,50,0,0,24,27
29,Serranheira,SER,450,600,0,10,8,1,0,0,0,30,33,37
30,Benavente,BEN,550,600,0,10,7,3,50,0,0,27,29
31,Mosqueiros,MOS,200,500,0,10,5,1,0,0,0,20,32,34,35
32,Agunchos,AGU,300,500,0,10,6,1,0,0,0,25,31,33,35
33,Fayal,FAY,400,500,0,10,6,1,0,0,0,25,26,29,32
34,Galegos,GAL,150,600,1,15,8,2,50,0,0,31,35
35,Foros,FOR,250,600,0,10,8,1,0,0,0,31,32,34,36
36,Soeirinho,SOE,300,700,0,10,8,1,0,0,0,35,37
37,Fundada,FUN,400,700,0,10,8,2,50,0,0,29,36