T_ID,T_NAME,T_X,T_Y,T_TYPE,T_VALUE,T_REGION,T_OWNER,T_ARMIES_1,T_ARMIES_2,T_ARMIES_3,T_NEIGHBOUR1,T_NEIGHBOUR2,...
1,North-West 1,NW1,50,0,1,15,1,4,0,0,0,2,6,7
2,North-West 2,NW2,150,0,0,10,1,4,0,0,0,1,3,7
3,North Bridge 1,NB1,250,0,0,10,9,0,20,0,0,2,4,8
4,North-East 1,NE1,350,0,0,10,2,3,0,0,0,3,5,9
5,North-East 2,NE2,450,0,1,15,2,3,0,0,0,4,9,10
6,North-West 3,NW3,0,100,0,10,1,4,0,0,0,1,7,11
7,North-West 4,NW4,100,100,0,10,1,4,0,0,0,1,2,6
8,North Bridge 2,NB2,250,100,0,10,9,0,20,0,0,3,33
9,North-East 3,NE3,400,100,0,10,2,3,0,0,0,4,5,10
10,North-East 4,NE4,500,100,0,10,2,3,0,0,0,5,9,32
11,North-West Bridge,NWB,0,200,0,10,9,0,20,0,0,6,12
12,West 1,W1,0,300,0,10,3,5,0,0,0,11,13,14
13,West 2,W2,0,400,1,15,3,5,0,0,0,12,14,15,16
14,West 3,W3,100,350,0,10,3,5,0,0,0,12,13,15,35,37
15,West 4,W4,100,450,0,10,3,5,0,0,0,13,14,16,37
16,South-West Bridge,SWB,0,500,0,10,8,0,20,0,0,13,15,17
17,South-West 1,SW1,0,600,0,10,5,2,0,0,0,16,18,19
18,South-West 2,SW2,100,600,0,10,5,2,0,0,0,17,19,20
19,South-West 3,SW3,50,700,1,15,5,2,0,0,0,17,18,20
20,South-West 4,SW4,150,700,0,10,5,2,0,0,0,18,19,22
21,South Bridge 2,SB2,250,600,0,10,8,0,20,0,0,22,34
22,South Bridge 1,SB1,250,700,0,10,8,0,20,0,0,20,21,25
23,South-East 1,SE1,400,600,0,10,6,1,0,0,0,24,25,26
24,South-East 2,SE2,500,600,0,10,6,1,0,0,0,23,26,31
25,South-East 3,SE3,350,700,0,10,6,1,0,0,0,22,23,26
26,South-East 4,SE4,450,700,1,15,6,1,0,0,0,23,24,25
27,East 1,E1,400,250,0,10,4,6,0,0,0,28,29,32,36
28,East 2,E2,500,300,1,15,4,6,0,0,0,27,29,30,32
29,East 3,E3,400,350,0,10,4,6,0,0,0,27,28,30,36,38
30,East 4,E4,500,400,0,10,4,6,0,0,0,28,29,31
31,South-East Bridge,SEB,500,500,0,10,8,0,20,0,0,24,30
32,North-East Bridge,NEB,500,200,0,10,9,0,20,0,0,10,27,28
33,North Bridge 3,NB3,250,200,0,10,9,0,20,0,0,8,35,36
34,South Bridge 3,SB3,250,500,0,10,8,0,20,0,0,21,37,38
35,Central 1,C1,200,300,0,15,7,0,50,0,0,14,33,36,37
36,Central 2,C2,300,300,0,15,7,0,50,0,0,27,29,33,35,38
37,Central 3,C3,200,400,0,15,7,0,50,0,0,14,15,34,35,38
38,Central 4,C4,300,400,0,15,7,0,50,0,0,29,34,36,37