T_ID,T_NAME,T_X,T_Y,T_TYPE,T_VALUE,T_REGION,T_OWNER,T_ARMIES_1,T_ARMIES_2,T_ARMIES_3,T_NEIGHBOUR1,T_NEIGHBOUR2,...
1,Villiersfaux,VIL,100,0,1,15,1,2,10,0,0,2,3
2,Dambec,DAM,0,50,0,10,1,0,3,0,0,1,3,4
3,Fos,FOS,100,100,0,10,1,0,3,0,0,1,2,4,5
4,Aillant,AIL,0,150,0,10,1,0,3,0,0,2,3,5
5,Puyoo,PUY,100,200,0,10,1,0,3,0,0,3,4,6
6,Caluire,CAL,200,200,0,10,2,0,3,0,0,5,7,8,9
7,Sioudray,SIO,300,150,0,10,2,0,3,0,0,6,8
8,Chauve,CHA,300,250,0,10,2,0,3,0,0,6,7,9
9,Malbuisson,MAL,200,300,0,10,3,0,3,0,0,6,8,11,12
10,Breuilleron,BRE,0,350,1,15,3,1,5,0,0,11
11,Heining,HEI,100,350,0,10,3,1,3,0,0,9,10,12
12,Pouldu,POU,200,400,0,10,3,0,3,0,0,9,11,13,14
13,Estables,EST,300,450,0,10,4,0,3,0,0,12,14,15
14,Barullu,BAR,200,500,0,10,4,0,3,0,0,12,13,15,16
15,Bonlieu,BON,300,550,0,10,4,0,3,0,0,13,14
16,Suizy,SUI,100,500,0,10,5,0,3,0,0,14,17,18
17,Guipel,GUI,0,550,0,10,5,0,3,0,0,16,18,19
18,Craintilleux,CRA,100,600,0,10,5,0,3,0,0,16,17,19,20
19,Longechenal,LON,0,650,0,10,5,0,3,0,0,17,18,20
20,Vals,VAL,100,700,1,15,5,3,10,0,0,18,19