T_ID,T_NAME,T_X,T_Y,T_TYPE,T_VALUE,T_REGION,T_OWNER,T_ARMIES_1,T_ARMIES_2,T_ARMIES_3,T_NEIGHBOUR1,T_NEIGHBOUR2,...
1,Powassan,POW,100,0,0,0,1,0,3,0,0,2,5
2,Wiarton,WIA,200,0,1,0,1,1,10,0,0,1,3,5,6
3,Nitchequon,NHQ,300,0,0,0,1,0,3,0,0,2,4,6
4,Beaverton,BEV,400,0,0,0,1,0,3,0,0,3,7
5,Vandry,VDY,150,100,0,0,1,0,3,0,0,1,2,6
6,Oderin,ODR,250,100,0,0,1,0,3,0,0,2,3,5,11
7,Kitwanga,KWG,400,100,0,0,1,0,3,0,0,4,8,12
8,Codroy,CDR,500,100,0,0,2,0,3,0,0,7,9
9,Nuwata,NWT,600,100,0,0,2,0,3,0,0,8,13
10,Arntfield,ATF,50,200,0,0,3,0,3,0,0,18,19
11,Lennoxville,LXV,300,200,0,0,4,0,3,0,0,6,12,21
12,Lovett,LOV,400,200,0,0,4,0,3,0,0,7,11,14,22
13,Birsay,BRS,700,150,0,0,2,0,3,0,0,9,16
14,Newport,NWP,500,250,0,0,2,0,3,0,0,12,15,17,22
15,Meductic,MDT,600,250,0,0,2,0,3,0,0,14,16,17
16,Port Perry,PPY,700,250,0,0,2,0,3,0,0,13,15
17,Douro,DOU,550,350,0,0,2,0,3,0,0,14,15
18,Rife,RIF,0,300,0,0,3,0,3,0,0,10,19,23
19,Palmarol,PMR,100,300,0,0,3,0,3,0,0,10,18,20
20,Aylsham,AYL,200,300,0,0,4,0,3,0,0,19,21,26
21,Valemount,VLM,300,300,0,0,4,0,3,0,0,11,20,22,26,27
22,Tulsequah,TSQ,400,300,0,0,4,0,3,0,0,12,14,21,27
23,Mulgrave,MUL,0,400,0,0,3,0,3,0,0,18,24,25
24,Gaskiers,GSK,0,500,0,0,3,0,3,0,0,23,25
25,Portage,PRT,100,450,0,0,3,0,3,0,0,23,24
26,Alsask,ASK,250,400,0,0,5,0,3,0,0,20,21,27,28
27,Rycroft,RYC,350,400,0,0,5,0,3,0,0,21,22,26,29
28,Dubuisson,DUB,250,500,0,0,5,0,3,0,0,26,29,31
29,Paspebiac,PSB,350,500,0,0,5,0,3,0,0,27,28,30,32
30,Chicoutimi,CCT,450,500,0,0,6,0,3,0,0,29,33
31,Narcisse,NAR,250,600,0,0,5,0,3,0,0,28,32,37,40
32,Wyebridge,WYB,350,600,0,0,5,0,3,0,0,29,31,33
33,Elzevir,ELZ,450,600,0,0,6,0,3,0,0,30,32,34
34,Yahk,YAH,550,600,0,0,6,0,3,0,0,33,35,36
35,Foxtrap,FXT,650,550,0,0,6,0,3,0,0,34,36
36,Greenspond,GRP,650,650,0,0,6,0,3,0,0,34,35
37,Halleybury,HLB,150,650,0,0,7,0,3,0,0,31,38,39,40
38,Southend,SOE,50,700,0,0,7,0,3,0,0,37,39
39,Southbank,SBK,150,750,1,0,7,2,15,0,0,37,38,40
40,Nanticoke,NTC,250,700,0,0,7,0,3,0,0,31,37,39