T_ID,T_NAME,T_X,T_Y,T_TYPE,T_VALUE,T_REGION,T_OWNER,T_ARMIES_1,T_ARMIES_2,T_ARMIES_3,T_NEIGHBOUR1,T_NEIGHBOUR2,...
1,Linton,LIN,400,0,1,15,1,2,0,0,0,3,5
2,Oonah,ONH,200,50,0,10,2,2,0,0,0,4,6
3,Leichhardt,LEI,500,50,0,10,1,2,30,0,0,1,5,8
4,Saint Albans,SAL,100,100,0,10,2,2,30,0,0,2,6,9
5,Wasaga,WAS,400,100,0,10,1,2,30,0,0,1,3,7,8,10
6,Thropdale,THR,200,150,0,10,2,2,30,0,0,2,4,7,9
7,Wolca,WOL,300,150,0,10,2,1,0,0,0,5,6,10
8,Emu Bay,EMB,500,150,0,10,1,1,0,0,0,3,5,10
9,Kirribilli,KIR,100,200,0,10,2,1,0,0,0,4,6,11
10,Whyalla,WHY,400,200,0,10,1,1,0,0,0,5,7,8,12
11,Koreelah,KOR,100,300,0,10,3,1,0,0,0,9,14,16
12,Stanborough,STN,450,300,0,10,4,1,0,0,0,10,13,18,19
13,Quirindi,QUR,550,300,0,10,4,1,0,0,0,12,19
14,Porongurup,POR,0,350,0,10,3,1,0,0,0,11,16
15,Rockwell,RKW,300,350,0,10,4,1,0,0,0,17,18,20
16,Holleton,HOL,100,400,0,10,3,1,0,0,0,11,14,17
17,Kybeyan,KYB,200,400,0,10,3,1,0,0,0,15,16,20
18,Betoota,BET,400,400,0,10,4,1,0,0,0,12,15,19,20
19,Corangamite,COR,500,400,0,10,4,1,0,0,0,12,13,18
20,Noorat,NOR,300,450,1,15,4,1,0,0,0,15,17,18