T_ID,T_NAME,T_X,T_Y,T_TYPE,T_VALUE,T_REGION,T_OWNER,T_ARMIES_1,T_ARMIES_2,T_ARMIES_3,T_NEIGHBOUR1,T_NEIGHBOUR2,...
1,Iverness,IVR,200,0,1,15,1,2,10,0,0,2,3,4
2,Ardrossan,ARD,100,50,0,10,1,0,3,0,0,1,3,5
3,Lossiemouth,LOS,200,100,0,10,1,0,3,0,0,1,2,4,5,6
4,Arran,ARR,300,50,0,10,1,0,3,0,0,1,3
5,Cupar,CUP,100,150,0,10,1,0,3,0,0,2,3,6,7
6,Crianlarich,CRI,200,200,0,10,3,0,3,0,0,3,5,7,8
7,Aviemore,AVI,100,250,0,10,3,0,3,0,0,5,6,8,9
8,Mull,MUL,200,300,0,10,3,0,3,0,0,6,7,9,10
9,Amulree,AMU,100,350,0,10,3,0,3,0,0,7,8,10
10,Buckie,BUC,200,400,0,10,3,0,3,0,0,8,9,27,50
11,Ledmore,LED,450,0,0,10,2,0,3,0,0,12,13
12,Dumfries,DUM,550,0,1,15,2,3,10,0,0,11,14
13,Peterhead,PET,450,100,0,10,2,0,3,0,0,11,14,15
14,Balloch,BAL,550,100,0,10,2,0,3,0,0,12,13,16
15,Kirriemuir,KIR,400,200,0,10,2,0,3,0,0,13,48,49
16,Arisaig,ARI,550,200,0,10,2,0,3,0,0,14,17,18
17,Kilsyth,KIL,650,200,1,15,4,4,10,0,0,16,18,19
18,Methven,MET,600,300,0,10,4,0,3,0,0,16,17,19,20
19,Beauly,BEA,700,300,0,10,4,0,3,0,0,17,18,21
20,Haddington,HAD,600,400,0,10,4,0,3,0,0,18,21,22,51
21,Portpatrick,PPT,700,400,0,10,4,0,3,0,0,19,20,22
22,Lanark,LAN,650,500,0,10,4,0,3,0,0,20,21,23,24
23,Acharacle,ACH,600,600,0,10,7,0,3,0,0,22,24,25,40,42
24,Penicuik,PEN,700,600,0,10,7,0,3,0,0,22,23,25
25,Anstruther,ANS,650,700,0,10,7,0,3,0,0,23,24,26,42
26,Kennacraig,KEN,650,800,1,15,7,5,10,0,0,25
27,Strathyre,STR,250,500,0,10,6,0,3,0,0,10,28,50,52
28,Uist,UIS,300,600,0,10,6,0,3,0,0,27,29,30,52
29,Invergordon,INV,200,650,0,10,6,0,3,0,0,28,30,31,35
30,Gourock,GOU,300,700,0,10,6,0,3,0,0,28,29,35,36
31,Oykel,OYK,100,700,0,10,10,0,3,0,0,29,32,33,35
32,Hawick,HAW,0,750,0,10,10,0,3,0,0,31,33
33,Auchterarder,AUC,100,800,1,15,10,6,10,0,0,31,32,34,35
34,Dalmally,DAL,100,900,0,10,10,0,3,0,0,33,38
35,Forres,FOR,200,750,0,10,6,0,3,0,0,29,30,31,33,36
36,Uig,UIG,300,800,0,10,9,0,3,0,0,30,35,37,43
37,Cumbernauld,CUM,300,900,0,10,9,0,3,0,0,36,38,39
38,Scaranish,SCA,200,950,0,10,10,0,3,0,0,34,37,39
39,Lauder,LAU,300,1000,0,10,9,0,3,0,0,37,38
40,Kelso,KEL,500,600,0,10,7,0,3,0,0,23,41,42,53
41,Greenlaw,GRN,450,700,0,10,7,0,3,0,0,40,42,43,44
42,Dunfermline,DUN,550,700,0,10,7,0,3,0,0,23,25,40,41,44
43,Altnahara,ALT,400,800,0,10,9,0,3,0,0,36,41,44,45
44,Moffat,MOF,500,800,0,10,8,0,3,0,0,41,42,43,45
45,Tummel,TUM,450,900,0,10,8,0,3,0,0,43,44,46,47
46,Tarbert,TAR,450,1000,1,15,8,7,10,0,0,45,47
47,Airdrie,AIR,550,950,0,10,8,0,3,0,0,45,46
48,Galloway,GAL,350,300,0,15,5,1,5,0,0,15,49,50,54
49,Biggar,BIG,450,300,0,15,5,1,5,0,0,15,48,51,54
50,Berwick,BER,300,400,0,15,5,1,5,0,0,10,27,48,52,54
51,Cromarty,CRO,500,400,0,15,5,1,5,0,0,20,49,53,54
52,Stonehaven,STO,350,500,0,15,5,1,5,0,0,27,28,50,53,54
53,Iona,ION,450,500,0,15,5,1,5,0,0,40,51,52,54
54,Tower of Power,TOP,400,400,1,25,5,1,15,0,0,48,49,50,51,52,53